0.0 -2.3333 0.0 0.0 -2.3333 0.0 0.0
0.0 -2.0000 0.0 0.0 -2.0000 0.0 0.0
0.0 -1.6667 0.0 0.0 -1.6667 0.0 0.0
0.0 -1.3333 0.0 0.0 -1.3333 0.0 0.0
0.0 -1.0000 0.0 0.0 -1.0000 0.0 0.0
0.0 -0.6667 0.0 0.0 -0.6667 0.0 0.0
0.0 -0.3333 0.0 0.0 -0.3333 0.0 0.0
0.0 -0.0000 0.0 0.0 -0.0000 0.0 0.0
0.0 0.3333 0.0 0.0 0.3333 0.0 0.0
0.0 0.6667 0.0 0.0 0.6667 0.0 0.0
0.0 1.0000 0.0 0.0 1.0000 0.0 0.0
0.0 1.3333 0.0 0.0 1.3333 0.0 0.0
0.0 1.6667 0.0 0.0 1.6667 0.0 0.0
0.0 2.0000 0.0 0.0 2.0000 0.0 0.0
0.0 2.3333 0.0 0.0 2.3333 0.0 0.0
